Scraped_URL,Article,Price,Location,Type,Category,date
https://www.sarouty.ma/acheter/proprietes-a-vendre.html?page=1,Belle villa à vendre (Bassatine Al Menzeh),6 500 000 MAD,"Menzehe, Rabat",Villa,"3 bedrooms
2 bathrooms
400 m²",2025-05-07
https://www.sarouty.ma/acheter/proprietes-a-vendre.html?page=1,Magnifique appartement à vendre à Palmier,3 500 000 MAD,"Palmier, Casablanca",Appartement,"3 bedrooms
2 bathrooms
220 m²",2025-05-07
https://www.sarouty.ma/acheter/proprietes-a-vendre.html?page=1,,,,,,2025-05-07
https://www.sarouty.ma/acheter/proprietes-a-vendre.html?page=1,,,,,,2025-05-07
https://www.sarouty.ma/acheter/proprietes-a-vendre.html?page=1,VILLA MARRAKECH • ROUTE DE L'OURIKA,6 120 000 MAD,"Route d'Ourika, Marrakech",Villa,"4 bedrooms
4 bathrooms
822 m²",2025-05-07
https://www.sarouty.ma/acheter/proprietes-a-vendre.html?page=1,Tres jolie villa moderne route de Lourika,5 300 000 MAD,"Route d'Ourika, Marrakech",Villa,"3 bedrooms
3 bathrooms
220 m²",2025-05-07
https://www.sarouty.ma/acheter/proprietes-a-vendre.html?page=1,Jolie villa commerciale de 283 m² à Assif,3 500 000 MAD,"Assif, Marrakech",Villa,"6 bedrooms
3 bathrooms
283 m²",2025-05-07
https://www.sarouty.ma/acheter/proprietes-a-vendre.html?page=1,Rare! Magnifique appartement à LA,2 150 000 MAD,"Agdal, Marrakech",Appartement,"2 bedrooms
2 bathrooms
107 m²",2025-05-07
https://www.sarouty.ma/acheter/proprietes-a-vendre.html?page=1,Villa neuve Front Golf Contemporaine,8 300 000 MAD,"Argan Golf Ressort, Marrakech",Villa,"6 bedrooms
7 bathrooms
1 300 m²",2025-05-07
https://www.sarouty.ma/acheter/proprietes-a-vendre.html?page=1,Villa à vendre au quartier Laymoun,7 500 000 MAD,"Laymoune, Casablanca",Villa,"5 bedrooms
4 bathrooms
424 m²",2025-05-07
https://www.sarouty.ma/acheter/proprietes-a-vendre.html?page=1,Élégant appartement à La Palmeraie village 2,2 200 000 MAD,"Palmeraie, Marrakech",Appartement,"2 bedrooms
2 bathrooms
116 m²",2025-05-07
https://www.sarouty.ma/acheter/proprietes-a-vendre.html?page=1,Villa contemporaine de Standing,9 000 000 MAD,"Chrifia, Marrakech",Villa,"4 bedrooms
5 bathrooms
440 m²",2025-05-07
https://www.sarouty.ma/acheter/proprietes-a-vendre.html?page=1,"Villa moderne vue mer, Ain Diab",18 800 000 MAD,"Ain Diab, Casablanca",Villa,"4 bedrooms
5 bathrooms
1 147 m²",2025-05-07
https://www.sarouty.ma/acheter/proprietes-a-vendre.html?page=1,Villa Contemporaine Isolée Front Golf,9 500 000 MAD,"Chrifia, Marrakech",Villa,"5 bedrooms
6 bathrooms
854 m²",2025-05-07
https://www.sarouty.ma/acheter/proprietes-a-vendre.html?page=1,Villa Isolée Contemporaine unique Marrakech,8 500 000 MAD,"Route d'Ourika, Marrakech",Villa,"5 bedrooms
6 bathrooms
1 000 m²",2025-05-07
https://www.sarouty.ma/acheter/proprietes-a-vendre.html?page=1,Villa Haut Standing Finie première ligne de golf,7 500 000 MAD,"Argan Golf Ressort, Marrakech",Villa,"6 bedrooms
7+ bathrooms
530 m²",2025-05-07
https://www.sarouty.ma/acheter/proprietes-a-vendre.html?page=1,Magnifique villa 3 CH Rte de Tahanouate,2 900 000 MAD,"Argan Golf Ressort, Marrakech",Villa,"3 bedrooms
2 bathrooms
220 m²",2025-05-07
https://www.sarouty.ma/acheter/proprietes-a-vendre.html?page=1,Appartement sans vis à vis avec terrasse,2 700 000 MAD,"Quartier des Hôpitaux, Casablanca",Appartement,"3 bedrooms
4 bathrooms
273 m²",2025-05-07
https://www.sarouty.ma/acheter/proprietes-a-vendre.html?page=1,Bien d'exception à vendre à Ain Diab,11 000 000 MAD,"Ain Diab, Casablanca",Appartement,"3 bedrooms
3 bathrooms
350 m²",2025-05-07
https://www.sarouty.ma/acheter/proprietes-a-vendre.html?page=1,Magnifique Villa Isolée Résidence privée Marrakech,8 400 000 MAD,"Chrifia, Marrakech",Villa,"4 bedrooms
5 bathrooms
967 m²",2025-05-07
https://www.sarouty.ma/acheter/proprietes-a-vendre.html?page=1,"Tamaris, jolie Villa jumelée en vente 3ch",2 960 000 MAD,"Dar Bouazza, Casablanca",Villa,"3 bedrooms
2 bathrooms
274 m²",2025-05-07
https://www.sarouty.ma/acheter/proprietes-a-vendre.html?page=1,Villa neuve Isolée Contemporaine,6 500 000 MAD,"Chrifia, Marrakech",Villa,"4 bedrooms
5 bathrooms
500 m²",2025-05-07
https://www.sarouty.ma/acheter/proprietes-a-vendre.html?page=1,Appartement de luxe au Plaza de Marrakech,2 900 000 MAD,"Plaza, Marrakech",Appartement,"2 bedrooms
3 bathrooms
144 m²",2025-05-07
https://www.sarouty.ma/acheter/proprietes-a-vendre.html?page=1,Vente Villa Rénovée Ville Verte Bouskoura,8 300 000 MAD,"Bouskoura, Casablanca",Villa,"3 bedrooms
3 bathrooms
430 m²",2025-05-07
https://www.sarouty.ma/acheter/proprietes-a-vendre.html?page=1,Magnifique Villa Contemporaine à Targa,8 500 000 MAD,"Targa, Marrakech",Villa,"4 bedrooms
6 bathrooms
824 m²",2025-05-07
https://www.sarouty.ma/acheter/proprietes-a-vendre.html?page=1,Magnifique Villa meublée à Targa,9 500 000 MAD,"Targa, Marrakech",Villa,"6 bedrooms
4 bathrooms
1 165 m²",2025-05-07
https://www.sarouty.ma/acheter/proprietes-a-vendre.html?page=1,Villa Meublée à Vendre - Titrée et Prête à Habiter,3 850 000 MAD,"Sidi Abdellah Ghiat, Marrakech",Villa,"3 bedrooms
3 bathrooms
175 m²",2025-05-07
https://www.sarouty.ma/acheter/proprietes-a-vendre.html?page=1,Luxueuse Villa Contemporaine Résidence privée Marrakech,8 000 000 MAD,"Chrifia, Marrakech",Villa,"5 bedrooms
6 bathrooms
730 m²",2025-05-07
https://www.sarouty.ma/acheter/proprietes-a-vendre.html?page=1,"À vendre : Appartement de luxe à La Palmeraie, Marrakech",2 600 000 MAD,"Palmeraie, Marrakech",Appartement,"3 bedrooms
2 bathrooms
125 m²",2025-05-07
https://www.sarouty.ma/acheter/proprietes-a-vendre.html?page=2,"Vente magnifique villa 610m2 Résidence sécurisé Californie, Casablanca",10 000 000 MAD,"Californie, Casablanca",Villa,"4 bedrooms
4 bathrooms
610 m²",2025-05-07
https://www.sarouty.ma/acheter/proprietes-a-vendre.html?page=2,Vente d'un super appartement ville verte bouskoura,2 100 000 MAD,"Bouskoura, Casablanca",Appartement,"2 bedrooms
2 bathrooms
120 m²",2025-05-07
https://www.sarouty.ma/acheter/proprietes-a-vendre.html?page=2,,,,,,2025-05-07
https://www.sarouty.ma/acheter/proprietes-a-vendre.html?page=2,,,,,,2025-05-07
https://www.sarouty.ma/acheter/proprietes-a-vendre.html?page=2,Splendide Villa Isolée à Agdal,9 500 000 MAD,"Agdal, Marrakech",Villa,"4 bedrooms
5 bathrooms
560 m²",2025-05-07
https://www.sarouty.ma/acheter/proprietes-a-vendre.html?page=2,Appartement de 101 m² à Casablanca,2 652 000 MAD,"Ain Diab, Casablanca",Appartement,"1 bedroom
1 bathroom
101 m²",2025-05-07
https://www.sarouty.ma/acheter/proprietes-a-vendre.html?page=2,Ferme de luxe à vendre,40 000 000 MAD,"Labissa, Bouskoura",Ferme,10 000 m²,2025-05-07
https://www.sarouty.ma/acheter/proprietes-a-vendre.html?page=2,À vendre – Villa de standing à Akenza Golf Resort,4 500 000 MAD,"Route d'Ourika, Marrakech",Villa,"4 bedrooms
2 bathrooms
230 m²",2025-05-07
https://www.sarouty.ma/acheter/proprietes-a-vendre.html?page=2,Villa de Standing au sein d'un domaine du Golf,5 950 000 MAD,"Chrifia, Marrakech",Villa,"6 bedrooms
6 bathrooms
400 m²",2025-05-07
https://www.sarouty.ma/acheter/proprietes-a-vendre.html?page=2,Exclusif à skhirat plage,5 920 000 MAD,"Skhirat plage, Skhirat",Villa,"5 bedrooms
2 bathrooms
480 m²",2025-05-07
https://www.sarouty.ma/acheter/proprietes-a-vendre.html?page=2,Luxueuse Villa Contemporaine,7 200 000 MAD,"Chrifia, Marrakech",Villa,"4 bedrooms
5 bathrooms
770 m²",2025-05-07
https://www.sarouty.ma/acheter/proprietes-a-vendre.html?page=2,Villa contemporaine de standing au Souissi,18 000 000 MAD,"Souissi, Rabat",Villa,"7+ bedrooms
5 bathrooms
2 000 m²",2025-05-07
https://www.sarouty.ma/acheter/proprietes-a-vendre.html?page=2,Maison de luxe à vendre,36 500 000 MAD,"Californie, Casablanca",Villa,"7 bedrooms
7 bathrooms
1 800 m²",2025-05-07
https://www.sarouty.ma/acheter/proprietes-a-vendre.html?page=2,A vendre villa Jumelée 3Chbs 500 m² Ain diab,8 300 000 MAD,"Ain Diab, Casablanca",Villa,"3 bedrooms
3 bathrooms
500 m²",2025-05-07
https://www.sarouty.ma/acheter/proprietes-a-vendre.html?page=2,villa moderne avec belle piscine,9 350 000 MAD,"Route de Fès, Marrakech",Villa,"5 bedrooms
5 bathrooms
450 m²",2025-05-07
https://www.sarouty.ma/acheter/proprietes-a-vendre.html?page=2,Projet villas d'exception à proximité de Marrakech - Résidence privée,8 000 000 MAD,"Route d'Ourika, Marrakech",Villa,"5 bedrooms
6 bathrooms
490 m²",2025-05-07
https://www.sarouty.ma/acheter/proprietes-a-vendre.html?page=2,Appartement rez-de-jardin avec terrasse,5 200 000 MAD,"Racine, Casablanca",Appartement,"3 bedrooms
3 bathrooms
214 m²",2025-05-07
https://www.sarouty.ma/acheter/proprietes-a-vendre.html?page=2,Penthouse sans vis-à-vis Gauthier à la vente,4 600 000 MAD,"Gauthier, Casablanca",Penthouse,"3 bedrooms
3 bathrooms
230 m²",2025-05-07
https://www.sarouty.ma/acheter/proprietes-a-vendre.html?page=2,Villa d’Architecte d’Exception à la Palmeraie,5 990 000 MAD,"Palmeraie, Marrakech",Villa,"5 bedrooms
6 bathrooms
350 m²",2025-05-07
https://www.sarouty.ma/acheter/proprietes-a-vendre.html?page=2,Appartement à vendre tanger V.N.OK.2081,1 920 000 MAD,"Place mozart, Tanger",Appartement,"2 bedrooms
1 bathroom
98 m²",2025-05-07
https://www.sarouty.ma/acheter/proprietes-a-vendre.html?page=2,Villa Moderne de 5 chambres rt Ourika,7 000 000 MAD,"Route d'Ourika, Marrakech",Villa,"5 bedrooms
5 bathrooms
300 m²",2025-05-07
https://www.sarouty.ma/acheter/proprietes-a-vendre.html?page=2,À vendre : Appartement d'exception de 175 m² avec vue panoramique sur l'océan,3 300 000 MAD,"Dar Bouazza, Casablanca",Appartement,"3 bedrooms
2 bathrooms
175 m²",2025-05-07
https://www.sarouty.ma/acheter/proprietes-a-vendre.html?page=2,A vendre Duplex 3chb Princesse 200m²,3 100 000 MAD,"Les Princesses, Casablanca",Appartement,"3 bedrooms
3 bathrooms
200 m²",2025-05-07
https://www.sarouty.ma/acheter/proprietes-a-vendre.html?page=2,MAGNIFIQUE APPT VIDE EN VENTE -RACINE-,3 400 000 MAD,"Racine, Casablanca",Appartement,"3 bedrooms
2 bathrooms
167 m²",2025-05-07
https://www.sarouty.ma/acheter/proprietes-a-vendre.html?page=2,Appartement 2 chambres sans vis à vis,2 100 000 MAD,"Racine, Casablanca",Appartement,"2 bedrooms
2 bathrooms
103 m²",2025-05-07
https://www.sarouty.ma/acheter/proprietes-a-vendre.html?page=2,"Joli appartement 3 chambres, Gauthier",2 450 000 MAD,"Gauthier, Casablanca",Appartement,"3 bedrooms
3 bathrooms
167 m²",2025-05-07
https://www.sarouty.ma/acheter/proprietes-a-vendre.html?page=2,Magnifique appartement 131 m² 3 chambres Californie,2 350 000 MAD,"Californie, Casablanca",Appartement,"3 bedrooms
3 bathrooms
131 m²",2025-05-07
https://www.sarouty.ma/acheter/proprietes-a-vendre.html?page=2,Villa de Prestige en Front de Golf à Marrakech,11 000 000 MAD,"Route de Tahanaoute, Marrakech",Villa,"4 bedrooms
4 bathrooms
450 m²",2025-05-07
https://www.sarouty.ma/acheter/proprietes-a-vendre.html?page=2,Joli appartement 73m² résidence sécurisée Nassim,850 000 MAD,"Nassim, Casablanca",Appartement,"2 bedrooms
2 bathrooms
73 m²",2025-05-07
